3195: 0 58 
3185: 0 52 
3184: 58 52 
3184: 0 52 58 
3181: 0 29 
3180: 58 29 
3170: 52 29 
3180: 0 29 58 
3170: 0 29 52 
3169: 58 29 52 
3169: 0 52 29 58 
3170: 0 40 
3169: 58 40 
3159: 52 40 
3155: 29 40 
3169: 0 40 58 
3159: 0 40 52 
3158: 58 40 52 
3158: 0 52 40 58 
3155: 0 40 29 
3154: 58 40 29 
3144: 52 40 29 
3154: 0 29 40 58 
3144: 0 29 40 52 
3143: 58 29 40 52 
3143: 0 52 40 29 58 
3149: 0 60 
3148: 58 60 
3138: 52 60 
3136: 29 60 
3124: 40 60 
3148: 0 60 58 
3138: 0 60 52 
3137: 58 60 52 
3137: 0 52 60 58 
3136: 0 60 29 
3135: 58 60 29 
3125: 52 60 29 
3135: 0 29 60 58 
3125: 0 29 60 52 
3124: 58 29 60 52 
3124: 0 52 60 29 58 
3124: 0 60 40 
3123: 58 60 40 
3113: 52 60 40 
3111: 29 60 40 
3123: 0 40 60 58 
3113: 0 40 60 52 
3112: 58 40 60 52 
3112: 0 52 60 40 58 
3111: 0 40 60 29 
3110: 58 40 60 29 
3100: 52 40 60 29 
3110: 0 29 60 40 58 
3100: 0 29 60 40 52 
3099: 58 29 60 40 52 
3099: 0 52 40 60 29 58 
3099: 0 36 
3098: 58 36 
3088: 52 36 
3084: 29 36 
3073: 40 36 
3052: 60 36 
3098: 0 36 58 
3088: 0 36 52 
3087: 58 36 52 
3087: 0 52 36 58 
3084: 0 36 29 
3083: 58 36 29 
3073: 52 36 29 
3083: 0 29 36 58 
3073: 0 29 36 52 
3072: 58 29 36 52 
3072: 0 52 36 29 58 
3073: 0 36 40 
3072: 58 36 40 
3062: 52 36 40 
3058: 29 36 40 
3072: 0 40 36 58 
3062: 0 40 36 52 
3061: 58 40 36 52 
3061: 0 52 36 40 58 
3058: 0 40 36 29 
3057: 58 40 36 29 
3047: 52 40 36 29 
3057: 0 29 36 40 58 
3047: 0 29 36 40 52 
3046: 58 29 36 40 52 
3046: 0 52 40 36 29 58 
3052: 0 36 60 
3051: 58 36 60 
3041: 52 36 60 
3039: 29 36 60 
3027: 40 36 60 
3051: 0 60 36 58 
3041: 0 60 36 52 
3040: 58 60 36 52 
3040: 0 52 36 60 58 
3039: 0 60 36 29 
3038: 58 60 36 29 
3028: 52 60 36 29 
3038: 0 29 36 60 58 
3028: 0 29 36 60 52 
3027: 58 29 36 60 52 
3027: 0 52 60 36 29 58 
3027: 0 60 36 40 
3026: 58 60 36 40 
3016: 52 60 36 40 
3014: 29 60 36 40 
3026: 0 40 36 60 58 
3016: 0 40 36 60 52 
3015: 58 40 36 60 52 
3015: 0 52 60 36 40 58 
3014: 0 40 36 60 29 
3013: 58 40 36 60 29 
3003: 52 40 36 60 29 
3013: 0 29 60 36 40 58 
3003: 0 29 60 36 40 52 
3002: 58 29 60 36 40 52 
3002: 0 52 40 36 60 29 58 
3076: 0 7 
3075: 58 7 
3069: 29 7 
3065: 52 7 
3050: 40 7 
3031: 60 7 
3075: 0 7 58 
3069: 0 7 29 
3068: 58 7 29 
3068: 0 29 7 58 
3065: 0 7 52 
3064: 58 7 52 
3058: 29 7 52 
3064: 0 52 7 58 
3058: 0 52 7 29 
3057: 58 52 7 29 
3057: 0 29 7 52 58 
3050: 0 7 40 
3049: 58 7 40 
3043: 29 7 40 
3039: 52 7 40 
3049: 0 40 7 58 
3043: 0 40 7 29 
3042: 58 40 7 29 
3042: 0 29 7 40 58 
3039: 0 40 7 52 
3038: 58 40 7 52 
3032: 29 40 7 52 
3038: 0 52 7 40 58 
3032: 0 52 7 40 29 
3031: 58 52 7 40 29 
3031: 0 29 40 7 52 58 
3031: 0 7 60 
3030: 58 7 60 
3024: 29 7 60 
3020: 52 7 60 
3006: 40 7 60 
3030: 0 60 7 58 
3024: 0 60 7 29 
3023: 58 60 7 29 
3023: 0 29 7 60 58 
3020: 0 60 7 52 
3019: 58 60 7 52 
3013: 29 60 7 52 
3019: 0 52 7 60 58 
3013: 0 52 7 60 29 
3012: 58 52 7 60 29 
3012: 0 29 60 7 52 58 
3006: 0 60 7 40 
3005: 58 60 7 40 
3005: 0 40 7 60 58 
3060: 0 62 
3060: 58 62 
3049: 52 62 
3045: 40 62 
3045: 29 62 
3014: 60 62 
3060: 0 62 58 
3049: 0 62 52 
3049: 58 62 52 
3049: 0 52 62 58 
3045: 0 62 40 
3045: 58 62 40 
3034: 52 62 40 
3045: 0 40 62 58 
3034: 0 40 62 52 
3034: 58 40 62 52 
3034: 0 52 62 40 58 
3045: 0 62 29 
3045: 58 62 29 
3034: 52 62 29 
3030: 40 62 29 
3045: 0 29 62 58 
3034: 0 29 62 52 
3034: 58 29 62 52 
3034: 0 52 62 29 58 
3030: 0 29 62 40 
3030: 58 29 62 40 
3019: 52 29 62 40 
3030: 0 40 62 29 58 
3019: 0 40 62 29 52 
3019: 58 40 62 29 52 
3019: 0 52 29 62 40 58 
3014: 0 62 60 
3014: 58 62 60 
3003: 52 62 60 
3001: 29 62 60 
3014: 0 60 62 58 
3003: 0 60 62 52 
3003: 58 60 62 52 
3003: 0 52 62 60 58 
3001: 0 60 62 29 
3001: 58 60 62 29 
3001: 0 29 62 60 58 
3040: 0 34 
3039: 58 34 
3036: 29 34 
3031: 52 34 
3017: 40 34 
3039: 0 34 58 
3036: 0 34 29 
3035: 58 34 29 
3035: 0 29 34 58 
3031: 0 34 52 
3030: 58 34 52 
3027: 29 34 52 
3030: 0 52 34 58 
3027: 0 52 34 29 
3026: 58 52 34 29 
3026: 0 29 34 52 58 
3017: 0 34 40 
3016: 58 34 40 
3013: 29 34 40 
3008: 52 34 40 
3016: 0 40 34 58 
3013: 0 40 34 29 
3012: 58 40 34 29 
3012: 0 29 34 40 58 
3008: 0 40 34 52 
3007: 58 40 34 52 
3004: 29 40 34 52 
3007: 0 52 34 40 58 
3004: 0 52 34 40 29 
3003: 58 52 34 40 29 
3003: 0 29 40 34 52 58 
3021: 0 56 
3020: 58 56 
3016: 52 56 
3006: 29 56 
3020: 0 56 58 
3016: 0 56 52 
3015: 58 56 52 
3015: 0 52 56 58 
3006: 0 56 29 
3005: 58 56 29 
3001: 52 56 29 
3005: 0 29 56 58 
3001: 0 29 56 52 
3000: 58 29 56 52 
3000: 0 52 56 29 58 
3021: 0 66 
3021: 60 66 
3020: 58 66 
3013: 29 66 
3010: 52 66 
3021: 0 66 60 
3020: 0 66 58 
3020: 60 66 58 
3020: 0 58 66 60 
3013: 0 66 29 
3013: 60 66 29 
3012: 58 66 29 
3013: 0 29 66 60 
3012: 0 29 66 58 
3012: 60 29 66 58 
3012: 0 58 66 29 60 
3010: 0 66 52 
3010: 60 66 52 
3009: 58 66 52 
3002: 29 66 52 
3010: 0 52 66 60 
3009: 0 52 66 58 
3009: 60 52 66 58 
3009: 0 58 66 52 60 
3002: 0 52 66 29 
3002: 60 52 66 29 
3001: 58 52 66 29 
3002: 0 29 66 52 60 
3001: 0 29 66 52 58 
3001: 60 29 66 52 58 
3001: 0 58 52 66 29 60 
3013: 0 48 
3012: 58 48 
3002: 52 48 
3012: 0 48 58 
3002: 0 48 52 
3001: 58 48 52 
3001: 0 52 48 58 
